Lastname	Firstname	Year	AB	H	2B	3B	HR	1B	SLG
Abreu	Bobby	1999	546	183	35	11	20	117	0.549450549
Alfonzo	Edgardo	1999	628	191	41	1	27	122	0.501592357
Allen	Chad	1999	481	133	21	3	10	99	0.395010395
Alomar	Roberto	1999	563	182	40	3	24	115	0.53285968
Anderson	Brady	1999	564	159	28	5	24	102	0.476950355
Anderson	Garret	1999	620	188	36	2	21	129	0.469354839
Anderson	Marlon	1999	452	114	26	4	5	79	0.360619469
Aurilia	Rich	1999	558	157	23	1	22	111	0.444444444
Ausmus	Brad	1999	458	126	25	6	9	86	0.414847162
Bagwell	Jeff	1999	562	171	35	0	42	94	0.590747331
Barrett	Michael	1999	433	127	32	3	8	84	0.436489607
Bell	David	1999	597	160	31	2	21	106	0.432160804
Bell	Derek	1999	509	120	22	0	12	86	0.349705305
Belle	Albert	1999	610	181	36	1	37	107	0.540983607
Belliard	Ron	1999	457	135	29	4	8	94	0.428884026
Bell	Jay	1999	589	170	32	6	38	94	0.556876061
Beltre	Adrian	1999	538	148	27	5	15	101	0.427509294
Beltran	Carlos	1999	663	194	27	7	22	138	0.453996983
Benard	Marvin	1999	562	163	36	5	16	106	0.457295374
Bichette	Dante	1999	593	177	38	2	34	103	0.541315346
Biggio	Craig	1999	639	188	56	0	16	116	0.456964006
Boone	Aaron	1999	472	132	26	5	14	87	0.444915254
Boone	Bret	1999	608	153	38	1	20	94	0.416118421
Bordick	Mike	1999	631	175	35	7	10	123	0.402535658
Brogna	Rico	1999	619	172	29	4	24	115	0.453957997
Brosius	Scott	1999	473	117	26	1	17	73	0.414376321
Burnitz	Jeromy	1999	467	126	33	2	33	58	0.561027837
Bush	Homer	1999	485	155	26	4	5	120	0.420618557
Cairo	Miguel	1999	465	137	15	5	3	114	0.367741935
Cameron	Mike	1999	542	139	34	9	21	75	0.468634686
Canseco	Jose	1999	430	120	18	1	34	67	0.562790698
Caruso	Mike	1999	529	132	11	4	2	115	0.296786389
Casey	Sean	1999	594	197	42	3	25	127	0.538720539
Castillo	Luis	1999	487	147	23	4	0	120	0.36550308
Castilla	Vinny	1999	615	169	24	1	33	111	0.47804878
Cedeno	Roger	1999	453	142	23	4	4	111	0.408388521
Cirillo	Jeff	1999	607	198	35	1	15	147	0.461285008
Clark	Tony	1999	536	150	29	0	31	90	0.507462687
Clayton	Royce	1999	465	134	21	5	14	94	0.44516129
Conine	Jeff	1999	444	129	31	1	13	84	0.452702703
Coomer	Ron	1999	467	123	25	1	16	81	0.423982869
Cordova	Marty	1999	425	121	28	3	14	76	0.463529412
Cruz	Deivi	1999	518	147	35	0	13	99	0.426640927
Damon	Johnny	1999	583	179	39	9	14	117	0.476843911
Davis	Chili	1999	476	128	25	1	19	83	0.445378151
Davis	Russ	1999	432	106	17	1	21	67	0.435185185
Delgado	Carlos	1999	573	156	39	0	44	73	0.570680628
Durham	Ray	1999	612	181	30	8	13	130	0.434640523
Dye	Jermaine	1999	608	179	44	8	27	100	0.526315789
Easley	Damion	1999	549	146	30	1	20	95	0.433515483
Encarnacion	Juan	1999	509	130	30	6	19	75	0.449901768
Erstad	Darin	1999	585	148	22	5	13	108	0.374358974
Everett	Carl	1999	464	151	33	3	25	90	0.57112069
Febles	Carlos	1999	453	116	22	9	10	75	0.410596026
Fernandez	Tony	1999	485	159	41	0	6	112	0.449484536
Finley	Steve	1999	590	156	32	10	34	80	0.525423729
Flaherty	John	1999	446	124	19	0	14	91	0.414798206
Fletcher	Darrin	1999	412	120	26	0	18	76	0.485436893
Gant	Ron	1999	516	134	27	5	17	85	0.430232558
Garciaparra	Nomar	1999	532	190	42	4	27	117	0.603383459
Giambi	Jason	1999	575	181	36	1	33	111	0.553043478
Giles	Brian	1999	521	164	33	3	39	89	0.614203455
Glanville	Doug	1999	628	204	38	6	11	149	0.457006369
Glaus	Troy	1999	551	132	29	0	29	74	0.450090744
Gonzalez	Alex	1999	560	155	28	8	14	105	0.430357143
Gonzalez	Juan	1999	562	183	36	1	39	107	0.601423488
Gonzalez	Luis	1999	614	206	45	4	26	131	0.548859935
Goodwin	Tom	1999	405	105	12	6	3	84	0.340740741
Grace	Mark	1999	593	183	44	5	16	118	0.480607083
Green	Shawn	1999	614	190	45	0	42	103	0.587947883
Greer	Rusty	1999	556	167	41	3	20	103	0.492805755
Grieve	Ben	1999	486	129	21	0	28	80	0.481481481
Griffey Jr.	Ken	1999	606	173	26	3	48	96	0.575907591
Grissom	Marquis	1999	603	161	27	1	20	113	0.414593698
Grudzielanek	Mark	1999	488	159	23	5	7	124	0.43647541
Guerrero	Vladimir	1999	610	193	37	5	42	109	0.6
Guzman	Cristian	1999	420	95	12	3	1	79	0.276190476
Gwynn	Tony	1999	411	139	27	0	10	102	0.476885645
Helton	Todd	1999	578	185	39	5	35	106	0.58650519
Henderson	Rickey	1999	438	138	30	0	12	96	0.465753425
Hunter	Brian	1999	484	112	11	5	4	92	0.299586777
Jaha	John	1999	457	126	23	0	35	68	0.555798687
Jenkins	Geoff	1999	447	140	43	3	21	73	0.563758389
Jeter	Derek	1999	627	219	37	9	24	149	0.551834131
Johnson	Charles	1999	426	107	19	1	16	71	0.41314554
Jones	Andruw	1999	592	163	35	5	26	97	0.483108108
Jones	Chipper	1999	567	181	41	1	45	94	0.633156966
Jordan	Brian	1999	576	163	28	4	23	108	0.465277778
Justice	David	1999	429	123	18	0	21	84	0.475524476
Kapler	Gabe	1999	416	102	22	4	18	58	0.447115385
Karros	Eric	1999	578	176	40	0	34	102	0.55017301
Kent	Jeff	1999	511	148	40	2	23	83	0.510763209
Klesko	Ryan	1999	404	120	28	2	21	69	0.532178218
Knoblauch	Chuck	1999	603	176	36	4	18	118	0.454394693
Konerko	Paul	1999	513	151	31	4	24	92	0.510721248
Kotsay	Mark	1999	495	134	23	9	8	94	0.402020202
Lankford	Ray	1999	422	129	32	1	15	81	0.492890995
Larkin	Barry	1999	583	171	30	4	12	125	0.420240137
Lawton	Matt	1999	406	105	18	0	7	80	0.354679803
Lee	Carlos	1999	492	144	32	2	16	94	0.463414634
Lewis	Darren	1999	470	113	14	6	2	91	0.308510638
Lieberthal	Mike	1999	510	153	33	1	31	88	0.550980392
Lofton	Kenny	1999	465	140	28	6	7	99	0.432258065
Loretta	Mark	1999	587	170	34	5	5	126	0.39011925
Martin	Al	1999	541	150	36	8	24	82	0.506469501
Martinez	Dave	1999	514	146	25	5	6	110	0.387159533
Martinez	Edgar	1999	502	169	35	1	24	109	0.553784861
Martinez	Tino	1999	589	155	27	2	28	98	0.458404075
McEwing	Joe	1999	513	141	28	4	9	100	0.397660819
McGriff	Fred	1999	529	164	30	1	32	101	0.551984877
McGwire	Mark	1999	521	145	21	1	65	58	0.696737044
McLemore	Mark	1999	566	155	20	7	6	122	0.365724382
Mondesi	Raul	1999	601	152	29	5	33	85	0.482529118
Morandini	Mickey	1999	456	110	18	5	4	83	0.328947368
Morris	Warren	1999	511	147	20	3	15	109	0.426614481
Mueller	Bill	1999	414	120	24	0	2	94	0.362318841
Norton	Greg	1999	436	111	26	0	16	69	0.424311927
Offerman	Jose	1999	586	172	37	11	8	116	0.435153584
O'Leary	Troy	1999	596	167	36	4	28	99	0.494966443
Olerud	John	1999	581	173	39	0	19	115	0.462994836
O'Neill	Paul	1999	597	170	39	4	19	108	0.458961474
Ordonez	Magglio	1999	624	188	34	3	30	121	0.509615385
Ordonez	Rey	1999	520	134	24	2	1	107	0.317307692
Owens	Eric	1999	440	117	22	3	9	83	0.390909091
Palmer	Dean	1999	560	147	25	2	38	82	0.517857143
Palmeiro	Rafael	1999	565	183	30	1	47	105	0.630088496
Perez	Neifi	1999	690	193	27	11	12	143	0.402898551
Phillips	Tony	1999	406	99	24	4	15	56	0.433497537
Piazza	Mike	1999	534	162	25	0	40	97	0.574906367
Ramirez	Manny	1999	522	174	34	3	44	93	0.662835249
Randa	Joe	1999	628	197	36	8	16	137	0.472929936
Reese	Pokey	1999	585	167	37	5	10	115	0.417094017
Renteria	Edgar	1999	585	161	36	2	11	112	0.4
Rivera	Ruben	1999	411	80	16	1	23	40	0.406326034
Rodriguez	Alex	1999	502	143	25	0	42	76	0.585657371
Rodriguez	Henry	1999	447	136	29	0	26	81	0.543624161
Rodriguez	Ivan	1999	600	199	29	1	35	134	0.558333333
Rolen	Scott	1999	421	113	28	1	26	58	0.524940618
Sanchez	Rey	1999	479	141	18	6	2	115	0.369519833
Sanders	Reggie	1999	478	136	24	7	26	79	0.527196653
Sexson	Richie	1999	479	122	17	7	31	67	0.513569937
Sheffield	Gary	1999	549	165	20	0	34	111	0.52276867
Singleton	Chris	1999	496	149	31	6	17	95	0.489919355
Snow	J.T.	1999	570	156	25	2	24	105	0.450877193
Sosa	Sammy	1999	625	180	24	2	63	91	0.6352
Sprague	Ed	1999	490	131	27	2	22	80	0.465306122
Stairs	Matt	1999	531	137	26	3	38	70	0.532956685
Stanley	Mike	1999	427	120	22	0	19	79	0.466042155
Stevens	Lee	1999	517	146	31	1	24	90	0.48549323
Stewart	Shannon	1999	608	185	28	2	11	144	0.411184211
Surhoff	B.J.	1999	673	207	38	1	28	140	0.491827637
Sweeney	Mike	1999	575	185	44	2	22	117	0.52
Tatis	Fernando	1999	537	160	31	2	34	93	0.553072626
Taubensee	Eddie	1999	424	132	22	2	21	87	0.521226415
Tejada	Miguel	1999	593	149	33	4	21	91	0.426644182
Thomas	Frank	1999	486	148	36	0	15	97	0.471193416
Thome	Jim	1999	494	137	27	2	33	75	0.54048583
Valentin	John	1999	450	114	27	1	12	74	0.397777778
Varitek	Jason	1999	483	130	39	2	20	69	0.482401656
Vaughn	Greg	1999	550	135	20	2	45	68	0.534545455
Vaughn	Mo	1999	524	147	20	0	33	94	0.507633588
Ventura	Robin	1999	588	177	38	0	32	107	0.528911565
Veras	Quilvio	1999	475	133	25	2	6	100	0.378947368
Vidro	Jose	1999	494	150	45	2	12	91	0.475708502
Vizquel	Omar	1999	574	191	36	4	5	146	0.43554007
Walker	Larry	1999	438	166	26	4	37	99	0.710045662
Walker	Todd	1999	531	148	37	4	6	101	0.397363465
White	Devon	1999	474	127	20	2	14	91	0.407172996
White	Rondell	1999	539	168	26	6	22	114	0.504638219
Williams	Bernie	1999	591	202	28	6	25	143	0.536379019
Williams	Gerald	1999	422	116	24	1	17	74	0.457345972
Williams	Matt	1999	627	190	37	2	35	116	0.535885167
Wilson	Dan	1999	414	110	23	2	7	78	0.381642512
Wilson	Preston	1999	482	135	21	4	26	84	0.502074689
Womack	Tony	1999	614	170	25	10	4	131	0.36970684
Young	Eric	1999	456	128	24	2	2	100	0.355263158
Young	Kevin	1999	584	174	41	6	26	101	0.522260274
Zeile	Todd	1999	588	172	41	1	24	106	0.488095238
