BATTER	TEAM	BA	SLG	OBA	G	AB	R	H	TB	2B	3B	HR	RBI	BB	SO	SB	CS
Wooten	ANGELS	0.556	0.667	0.556	7	9	2	5	6	1	0	0	1	0	0	0	0
Johnson	ANGELS	0.5	0.5	0.667	6	4	2	2	2	0	0	0	0	2	0	0	0
DiSarcina	ANGELS	0.395	0.526	0.425	12	38	6	15	20	2	0	1	11	1	3	0	1
Erstad	ANGELS	0.355	0.541	0.409	157	676	121	240	366	39	6	25	100	64	82	28	8
Luuloa	ANGELS	0.333	0.333	0.368	6	18	3	6	6	0	0	0	0	1	1	0	0
Palmeiro	ANGELS	0.3	0.399	0.395	108	243	38	73	97	20	2	0	25	38	20	4	1
Salmon	ANGELS	0.29	0.54	0.404	158	568	108	165	307	36	2	34	97	104	139	0	2
Anderson	ANGELS	0.286	0.519	0.307	159	647	92	185	336	40	3	35	117	24	87	7	6
Glaus	ANGELS	0.284	0.604	0.404	159	563	120	160	340	37	1	47	102	112	163	14	11
Molina	ANGELS	0.281	0.421	0.318	130	473	59	133	199	20	2	14	71	23	33	1	0
Vaughn	ANGELS	0.272	0.498	0.365	161	614	93	167	306	31	0	36	117	79	181	2	0
Kennedy	ANGELS	0.266	0.403	0.3	156	598	82	159	241	33	11	9	72	28	73	22	8
Spiezio	ANGELS	0.242	0.465	0.334	123	297	47	72	138	11	2	17	49	40	56	1	2
Gil	ANGELS	0.239	0.352	0.317	110	301	28	72	106	14	1	6	23	30	59	10	6
Gant	ANGELS	0.232	0.512	0.379	34	82	15	19	42	3	1	6	16	20	18	1	2
Baughman	ANGELS	0.227	0.318	0.261	16	22	4	5	7	2	0	0	0	1	2	3	0
Stocker	ANGELS	0.219	0.318	0.326	110	343	41	75	109	20	4	2	24	51	81	1	5
Clemente	ANGELS	0.218	0.244	0.228	46	78	4	17	19	2	0	0	5	0	27	0	1
Walbeck	ANGELS	0.199	0.356	0.24	47	146	17	29	52	5	0	6	12	7	22	0	1
Durrington	ANGELS	0	0	0	4	3	0	0	0	0	0	0	0	0	0	0	0
Colangelo	ANGELS	---	---	---	0	0	0	0	0	0	0	0	0	0	0	0	0
DaVanon	ANGELS	---	---	---	0	0	0	0	0	0	0	0	0	0	0	0	0
Kinkade	ORIOLES	0.429	0.571	0.5	3	7	0	3	4	1	0	0	1	0	0	0	0
Fordyce	ORIOLES	0.301	0.507	0.341	93	302	41	91	153	18	1	14	49	17	50	0	0
Clark	ORIOLES	0.301	0.473	0.413	79	256	49	77	121	15	1	9	28	47	45	4	2
Bordick	ORIOLES	0.297	0.481	0.35	100	391	70	116	188	22	1	16	59	34	71	6	5
DeShields	ORIOLES	0.296	0.444	0.369	151	561	84	166	249	43	5	10	86	69	82	37	10
Surhoff	ORIOLES	0.292	0.453	0.341	103	411	56	120	186	27	0	13	57	29	46	7	2
Mora	ORIOLES	0.291	0.397	0.359	53	199	25	58	79	9	3	2	17	17	32	5	8
Conine	ORIOLES	0.284	0.438	0.341	119	409	53	116	179	20	2	13	46	36	53	4	3
Belle	ORIOLES	0.281	0.474	0.342	141	559	71	157	265	37	1	23	103	52	68	0	5
Richard	ORIOLES	0.276	0.563	0.335	56	199	38	55	112	14	2	13	36	15	38	7	5
Morales	ORIOLES	0.273	0.364	0.273	3	11	1	3	4	1	0	0	0	0	3	0	0
Lewis	ORIOLES	0.27	0.411	0.322	71	163	19	44	67	17	0	2	21	12	31	7	2
Anderson	ORIOLES	0.257	0.421	0.375	141	506	89	130	213	26	0	19	50	92	103	16	9
Ripken	ORIOLES	0.256	0.453	0.31	83	309	43	79	140	16	0	15	56	23	37	0	0
Hairston	ORIOLES	0.256	0.367	0.353	49	180	27	46	66	5	0	5	19	21	22	8	5
Kingsale	ORIOLES	0.239	0.284	0.253	26	88	13	21	25	2	1	0	9	2	14	1	2
Matos	ORIOLES	0.225	0.308	0.281	72	182	21	41	56	6	3	1	17	12	30	13	4
Myers	ORIOLES	0.224	0.344	0.271	43	125	9	28	43	6	0	3	12	8	29	0	0
Amaral	ORIOLES	0.217	0.267	0.299	30	60	10	13	16	1	1	0	6	7	8	6	2
Coffie	ORIOLES	0.217	0.317	0.284	23	60	6	13	19	4	1	0	6	5	11	1	0
Hubbard	ORIOLES	0.185	0.259	0.185	31	27	3	5	7	0	1	0	0	0	3	2	1
Minor	ORIOLES	0.131	0.143	0.17	32	84	4	11	12	1	0	0	3	3	20	0	0
Casimiro	ORIOLES	0.125	0.25	0.125	2	8	0	1	2	1	0	0	3	0	2	0	0
Lunar	ORIOLES	0.125	0.125	0.176	9	16	0	2	2	0	0	0	1	0	4	0	0
K. Garcia	ORIOLES	0.091	0.091	0.091	16	33	1	3	3	0	0	0	0	0	10	0	0
J. Garcia	ORIOLES	0.059	0.059	0.158	14	17	2	1	1	0	0	0	0	2	2	0	0
Garciaparra	RED_SOX	0.372	0.599	0.434	140	529	104	197	317	51	3	21	96	61	50	5	2
Merloni	RED_SOX	0.32	0.438	0.341	40	128	10	41	56	11	2	0	18	4	22	1	0
Everett	RED_SOX	0.3	0.587	0.373	137	496	82	149	291	32	4	34	108	52	113	11	4
Bichette	RED_SOX	0.289	0.518	0.336	30	114	13	33	59	5	0	7	14	8	22	0	0
Alcantara	RED_SOX	0.289	0.578	0.333	21	45	9	13	26	1	0	4	7	3	7	0	0
Frye	RED_SOX	0.289	0.356	0.364	69	239	35	69	85	13	0	1	13	28	38	1	3
Burkhart	RED_SOX	0.288	0.493	0.442	25	73	16	21	36	3	0	4	18	17	25	0	0
Cummings	RED_SOX	0.277	0.383	0.341	98	206	29	57	79	10	0	4	24	17	28	0	0
Nixon	RED_SOX	0.276	0.461	0.368	123	427	66	118	197	27	8	12	60	63	85	8	1
Hatteberg	RED_SOX	0.265	0.435	0.367	92	230	21	61	100	15	0	8	36	38	39	0	1
O'Leary	RED_SOX	0.261	0.411	0.32	138	513	68	134	211	30	4	13	70	44	76	0	2
Valentin	RED_SOX	0.257	0.457	0.297	10	35	6	9	16	1	0	2	2	2	5	0	1
Offerman	RED_SOX	0.255	0.359	0.354	116	451	73	115	162	14	3	9	41	70	70	0	8
Pride	RED_SOX	0.25	0.3	0.286	9	20	4	5	6	1	0	0	0	1	7	0	0
Daubach	RED_SOX	0.248	0.448	0.315	142	495	55	123	222	32	2	21	76	44	130	1	1
Varitek	RED_SOX	0.248	0.388	0.342	139	448	55	111	174	31	1	10	65	60	84	1	1
Veras	RED_SOX	0.244	0.299	0.278	49	164	21	40	49	7	1	0	14	7	20	0	0
Lewis	RED_SOX	0.241	0.307	0.305	97	270	44	65	83	12	0	2	17	22	34	10	5
Gilkey	RED_SOX	0.231	0.341	0.327	36	91	11	21	31	5	1	1	9	10	12	0	0
Sadler	RED_SOX	0.222	0.303	0.262	49	99	14	22	30	5	0	1	10	5	18	3	1
Sprague	RED_SOX	0.216	0.306	0.293	33	111	11	24	34	4	0	2	9	12	18	0	0
Alexander	RED_SOX	0.211	0.325	0.261	101	194	30	41	63	4	3	4	19	13	41	2	0
Brogna	RED_SOX	0.196	0.304	0.237	43	56	8	11	17	3	0	1	8	3	13	0	0
Lansing	RED_SOX	0.194	0.223	0.23	49	139	10	27	31	4	0	0	13	7	26	0	0
Sheets	RED_SOX	0.095	0.095	0.095	12	21	1	2	2	0	0	0	1	0	3	0	0
Berry	RED_SOX	0	0	0	1	4	0	0	0	0	0	0	0	0	2	0	0
Gaetti	RED_SOX	0	0	0	5	10	0	0	0	0	0	0	1	0	3	0	0
Coleman	RED_SOX	---	---	---	0	0	0	0	0	0	0	0	0	0	0	0	0
Stenson	RED_SOX	---	---	---	0	0	0	0	0	0	0	0	0	0	0	0	0
Crede	WHITE_SOX	0.357	0.429	0.333	7	14	2	5	6	1	0	0	3	0	3	0	0
Thomas	WHITE_SOX	0.328	0.625	0.436	159	582	115	191	364	44	0	43	143	112	94	1	3
Ordonez	WHITE_SOX	0.315	0.546	0.371	153	588	102	185	321	34	3	32	126	60	64	18	4
C. Johnson	WHITE_SOX	0.304	0.582	0.379	128	421	76	128	245	24	0	31	91	52	106	2	0
Perry	WHITE_SOX	0.302	0.467	0.35	116	411	71	124	192	30	1	12	62	24	75	4	1
Lee	WHITE_SOX	0.301	0.484	0.345	152	572	107	172	277	29	2	24	92	38	94	13	4
Konerko	WHITE_SOX	0.298	0.481	0.363	143	524	84	156	252	31	1	21	97	47	72	1	0
Paul	WHITE_SOX	0.282	0.423	0.338	36	71	15	20	30	3	2	1	8	5	17	1	0
Durham	WHITE_SOX	0.28	0.45	0.361	151	614	121	172	276	35	9	17	75	75	105	25	13
Abbott	WHITE_SOX	0.274	0.395	0.343	80	215	31	59	85	15	1	3	29	21	38	2	1
Graffanino	WHITE_SOX	0.274	0.357	0.363	70	168	33	46	60	6	1	2	17	22	27	7	4
Valentin	WHITE_SOX	0.273	0.491	0.343	144	568	107	155	279	37	6	25	92	59	106	19	2
Wilson	WHITE_SOX	0.26	0.301	0.316	28	73	12	19	22	3	0	0	4	5	11	1	0
Baines	WHITE_SOX	0.254	0.417	0.338	96	283	26	72	118	13	0	11	39	36	50	0	0
Singleton	WHITE_SOX	0.254	0.382	0.301	147	511	83	130	195	22	5	11	62	35	85	22	7
Norton	WHITE_SOX	0.244	0.373	0.333	71	201	25	49	75	6	1	6	28	26	47	1	0
M. Johnson	WHITE_SOX	0.225	0.319	0.315	75	213	29	48	68	11	0	3	23	27	40	3	2
Liefer	WHITE_SOX	0.182	0.182	0.182	5	11	0	2	2	0	0	0	0	0	4	0	0
Christense	WHITE_SOX	n .105	0.105	0.227	32	19	4	2	2	0	0	0	1	2	6	1	1
Simmons	WHITE_SOX	---	---	---	0	0	0	0	0	0	0	0	0	0	0	0	0
McDonald	INDIANS	0.444	0.444	0.444	9	9	0	4	4	0	0	0	0	0	1	0	0
M. Ramirez	INDIANS	0.351	0.697	0.457	118	439	92	154	306	34	2	38	122	86	117	1	1
Segui	INDIANS	0.334	0.51	0.388	150	574	93	192	293	42	1	19	103	53	84	0	1
Wilson	INDIANS	0.325	0.453	0.36	40	117	16	38	53	9	0	2	12	7	11	2	1
Fryman	INDIANS	0.321	0.516	0.392	155	574	93	184	296	38	4	22	106	73	111	1	1
R. Alomar	INDIANS	0.31	0.475	0.378	155	610	111	189	290	40	2	19	89	64	82	39	4
S. Alomar	INDIANS	0.289	0.404	0.324	97	356	44	103	144	16	2	7	42	16	41	2	2
Vizquel	INDIANS	0.287	0.375	0.377	156	613	101	176	230	27	3	7	66	87	72	22	10
A. Ramirez	INDIANS	0.286	0.482	0.316	41	112	13	32	54	5	1	5	12	5	17	1	0
Whiten	INDIANS	0.286	0.429	0.5	6	7	2	2	3	1	0	0	1	3	2	0	0
Lofton	INDIANS	0.278	0.422	0.369	137	543	107	151	229	23	5	15	73	79	72	30	7
Diaz	INDIANS	0.272	0.392	0.323	75	250	29	68	98	14	2	4	25	11	29	4	2
Thome	INDIANS	0.269	0.531	0.398	158	557	106	150	296	33	1	37	106	118	171	1	0
Cordero	INDIANS	0.264	0.365	0.31	38	148	18	39	54	11	2	0	17	7	18	0	0
Sexson	INDIANS	0.256	0.46	0.315	91	324	45	83	149	16	1	16	44	25	96	1	0
Cabrera	INDIANS	0.251	0.314	0.29	100	175	27	44	55	3	1	2	15	8	15	6	4
Cruz	INDIANS	0.241	0.345	0.361	11	29	3	7	10	3	0	0	5	5	4	1	0
Selby	INDIANS	0.239	0.261	0.271	30	46	8	11	12	1	0	0	4	1	9	0	0
Branyan	INDIANS	0.238	0.544	0.327	67	193	32	46	105	7	2	16	38	22	76	0	0
Roberts	INDIANS	0.2	0.2	0.333	19	10	1	2	2	0	0	0	0	2	2	1	1
Perry	INDIANS	0.071	0.071	0.071	13	14	1	1	1	0	0	0	0	0	5	0	0
Hughes	INDIANS	---	---	---	0	0	0	0	0	0	0	0	0	0	0	0	0
Allen	TIGERS	0.438	0.938	0.5	18	16	5	7	15	2	0	2	2	2	7	0	0
Lindsey	TIGERS	0.333	0.667	0.5	11	3	6	1	2	1	0	0	0	0	1	2	1
Morris	TIGERS	0.311	0.406	0.416	40	106	15	33	43	7	0	1	8	19	16	0	0
D. Cruz	TIGERS	0.302	0.449	0.318	156	583	68	176	262	46	5	10	82	13	43	1	4
McMillon	TIGERS	0.301	0.472	0.388	46	123	20	37	58	7	1	4	24	19	19	1	0
Higginson	TIGERS	0.3	0.538	0.377	154	597	104	179	321	44	4	30	102	74	99	15	3
Encarnacio	TIGERS	0.289	0.433	0.33	141	547	75	158	237	25	6	14	72	29	90	16	4
Gonzalez	TIGERS	0.289	0.505	0.337	115	461	69	133	233	30	2	22	67	32	84	1	2
Jefferies	TIGERS	0.275	0.373	0.344	41	142	18	39	53	8	0	2	14	16	10	0	2
Magee	TIGERS	0.274	0.43	0.31	91	186	31	51	80	4	2	7	31	10	28	1	0
Clark	TIGERS	0.274	0.529	0.349	60	208	32	57	110	14	0	13	37	24	51	0	0
Ausmus	TIGERS	0.266	0.365	0.357	150	523	75	139	191	25	3	7	51	69	79	11	5
Halter	TIGERS	0.261	0.366	0.302	105	238	26	62	87	12	2	3	27	14	49	5	2
Easley	TIGERS	0.259	0.416	0.35	126	464	76	120	193	27	2	14	58	55	79	13	4
Palmer	TIGERS	0.256	0.471	0.338	145	524	73	134	247	22	2	29	102	66	146	4	2
Macias	TIGERS	0.254	0.364	0.328	73	173	25	44	63	3	5	2	24	18	24	2	0
Fick	TIGERS	0.252	0.374	0.34	66	163	18	41	61	7	2	3	22	22	39	2	1
Becker	TIGERS	0.242	0.375	0.384	115	285	59	69	107	14	0	8	39	67	87	2	2
Cardona	TIGERS	0.175	0.275	0.19	26	40	1	7	11	1	0	1	2	0	9	0	0
Alvarez	TIGERS	0	0	0.667	1	1	0	0	0	0	0	0	0	2	1	0	1
Munson	TIGERS	0	0	0	3	5	0	0	0	0	0	0	1	0	1	0	0
Ortiz	ROYALS	0.386	0.455	0.443	26	88	15	34	40	6	0	0	5	8	8	0	0
Sweeney	ROYALS	0.333	0.523	0.407	159	618	105	206	323	30	0	29	144	71	67	8	3
Damon	ROYALS	0.327	0.495	0.382	159	655	136	214	324	42	10	16	88	65	60	46	9
Dye	ROYALS	0.321	0.561	0.39	157	601	107	193	337	41	2	33	118	69	99	0	1
Randa	ROYALS	0.304	0.438	0.343	158	612	88	186	268	29	4	15	106	36	66	6	3
Quinn	ROYALS	0.294	0.488	0.342	135	500	76	147	244	33	2	20	78	35	91	5	2
Fabregas	ROYALS	0.282	0.373	0.32	43	142	13	40	53	4	0	3	17	8	11	1	0
McCarty	ROYALS	0.278	0.478	0.329	103	270	34	75	129	14	2	12	53	22	68	0	0
Zaun	ROYALS	0.274	0.41	0.39	83	234	36	64	96	11	0	7	33	43	34	7	3
Sanchez	ROYALS	0.273	0.322	0.314	143	509	68	139	164	18	2	1	38	28	55	7	3
Delgado	ROYALS	0.258	0.297	0.312	64	128	21	33	38	2	0	1	11	11	26	2	1
Febles	ROYALS	0.257	0.316	0.345	100	339	59	87	107	12	1	2	29	36	48	17	6
Holbert	ROYALS	0.25	0.25	0.25	3	4	0	1	1	0	0	0	0	0	2	0	0
Beltran	ROYALS	0.247	0.366	0.309	98	372	49	92	136	15	4	7	44	35	69	13	0
Reboulet	ROYALS	0.242	0.28	0.325	66	182	29	44	51	7	0	0	14	23	32	3	1
Ordaz	ROYALS	0.221	0.24	0.257	65	104	17	23	25	2	0	0	11	5	10	4	2
Johnson	ROYALS	0.208	0.352	0.229	37	125	9	26	44	6	0	4	18	4	28	0	0
Dunwoody	ROYALS	0.208	0.275	0.238	61	178	12	37	49	9	0	1	23	8	42	3	0
Pose	ROYALS	0.188	0.188	0.278	47	48	6	9	9	0	0	0	1	6	13	0	1
Brown	ROYALS	0.16	0.2	0.25	15	25	4	4	5	1	0	0	4	3	9	0	0
Mientkiewicz	TWINS	0.429	0.429	0.4	3	14	0	6	6	0	0	0	4	0	0	0	0
Barnes	TWINS	0.351	0.459	0.415	11	37	5	13	17	4	0	0	2	2	6	0	1
Rivas	TWINS	0.31	0.414	0.323	16	58	8	18	24	4	1	0	6	2	4	2	0
Pierzynski	TWINS	0.307	0.455	0.354	33	88	12	27	40	5	1	2	11	5	14	1	0
Lawton	TWINS	0.305	0.46	0.405	156	561	84	171	258	44	2	13	88	91	63	23	7
Allen	TWINS	0.3	0.36	0.345	15	50	2	15	18	3	0	0	7	3	14	0	2
Koskie	TWINS	0.3	0.441	0.4	146	474	79	142	209	32	4	9	65	77	104	5	4
Hocking	TWINS	0.298	0.416	0.373	134	373	52	111	155	24	4	4	47	48	77	7	5
Jones	TWINS	0.285	0.463	0.319	154	523	66	149	242	26	5	19	76	26	111	7	5
Ortiz	TWINS	0.282	0.446	0.364	130	415	59	117	185	36	1	10	63	57	81	1	0
Hunter	TWINS	0.28	0.408	0.318	99	336	44	94	137	14	7	5	44	18	68	4	3
Coomer	TWINS	0.27	0.415	0.317	140	544	64	147	226	29	1	16	82	36	50	2	0
Canizaro	TWINS	0.269	0.396	0.318	102	346	43	93	137	21	1	7	40	24	57	4	2
Guzman	TWINS	0.247	0.388	0.299	156	631	89	156	245	25	20	8	54	46	101	28	10
Maxwell	TWINS	0.243	0.324	0.298	64	111	14	27	36	6	0	1	11	9	32	2	1
Walker	TWINS	0.234	0.325	0.287	23	77	14	18	25	1	0	2	8	7	10	3	0
Buchanan	TWINS	0.232	0.305	0.301	30	82	10	19	25	3	0	1	8	8	22	0	2
Huskey	TWINS	0.223	0.353	0.306	64	215	22	48	76	13	0	5	27	25	49	0	2
Moeller	TWINS	0.211	0.273	0.261	48	128	13	27	35	3	1	1	9	9	33	1	0
Jensen	TWINS	0.209	0.338	0.325	52	139	16	29	47	7	1	3	14	24	36	0	1
Blake	TWINS	0.188	0.313	0.333	7	16	1	3	5	2	0	0	1	3	7	0	0
LeCroy	TWINS	0.174	0.323	0.254	56	167	18	29	54	10	0	5	17	17	38	0	0
Ardoin	TWINS	0.125	0.25	0.3	15	32	4	4	8	1	0	1	5	8	10	0	0
Jeter	YANKEES	0.339	0.481	0.416	148	593	119	201	285	31	4	15	73	68	99	22	4
Hill	YANKEES	0.333	0.735	0.378	40	132	22	44	97	5	0	16	29	9	33	0	0
Williams	YANKEES	0.307	0.566	0.391	141	537	108	165	304	37	6	30	121	71	84	13	5
L. Johnson	YANKEES	0.3	0.333	0.3	18	30	6	9	10	1	0	0	2	0	7	2	0
Sojo	YANKEES	0.288	0.408	0.321	34	125	19	36	51	7	1	2	17	6	6	1	0
Posada	YANKEES	0.287	0.527	0.417	151	505	92	145	266	35	1	28	86	107	151	2	2
Justice	YANKEES	0.286	0.584	0.377	146	524	89	150	306	31	1	41	118	77	91	2	1
O'Neill	YANKEES	0.283	0.424	0.336	142	566	79	160	240	26	0	18	100	51	90	14	9
Knoblauch	YANKEES	0.283	0.385	0.366	102	400	75	113	154	22	2	5	26	46	45	15	7
Spencer	YANKEES	0.282	0.46	0.33	73	248	33	70	114	11	3	9	40	19	45	1	2
Polonia	YANKEES	0.276	0.407	0.329	117	344	48	95	140	14	5	7	30	29	32	12	7
Vizcaino	YANKEES	0.276	0.333	0.319	73	174	23	48	58	8	1	0	10	12	28	5	7
Thompson	YANKEES	0.26	0.5	0.339	33	50	12	13	25	3	0	3	14	5	12	0	1
Martinez	YANKEES	0.258	0.422	0.328	155	569	69	147	240	37	4	16	91	52	74	4	1
Canseco	YANKEES	0.252	0.444	0.377	98	329	47	83	146	18	0	15	49	64	102	2	0
Jose	YANKEES	0.241	0.345	0.281	20	29	4	7	10	0	0	1	5	2	9	0	1
Turner	YANKEES	0.236	0.303	0.32	37	89	9	21	27	3	0	1	7	10	21	0	1
Brosius	YANKEES	0.23	0.374	0.299	135	470	57	108	176	20	0	16	64	45	73	0	3
Leyritz	YANKEES	0.218	0.273	0.317	24	55	2	12	15	0	0	1	4	7	14	0	0
Bellinger	YANKEES	0.207	0.37	0.288	98	184	33	38	68	8	2	6	21	17	48	5	0
Soriano	YANKEES	0.18	0.36	0.196	22	50	5	9	18	3	0	2	3	1	15	2	0
Kelly	YANKEES	0.12	0.28	0.185	10	25	4	3	7	1	0	1	1	1	6	0	0
Wilcox	YANKEES	---	---	---	0	0	0	0	0	0	0	0	0	0	0	0	0
Ja. Giambi	ATHLETICS	0.333	0.647	0.476	152	510	108	170	330	29	1	43	137	137	96	2	0
Saenz	ATHLETICS	0.313	0.514	0.401	76	214	40	67	110	12	2	9	33	25	40	1	0
Byrnes	ATHLETICS	0.3	0.3	0.364	10	10	5	3	3	0	0	0	0	0	1	2	1
Piatt	ATHLETICS	0.299	0.49	0.392	60	157	24	47	77	5	5	5	23	23	44	0	1
Long	ATHLETICS	0.288	0.452	0.336	138	584	104	168	264	34	4	18	80	43	77	5	0
Grieve	ATHLETICS	0.279	0.487	0.359	158	594	92	166	289	40	1	27	104	73	130	3	0
Velarde	ATHLETICS	0.278	0.4	0.354	122	485	82	135	194	23	0	12	41	54	95	9	3
Chavez	ATHLETICS	0.277	0.495	0.355	153	501	89	139	248	23	4	26	86	62	94	2	2
Tejada	ATHLETICS	0.275	0.479	0.349	160	607	105	167	291	32	1	30	115	66	102	6	0
Menechino	ATHLETICS	0.255	0.455	0.345	66	145	31	37	66	9	1	6	26	20	45	1	4
Je. Giambi	ATHLETICS	0.254	0.423	0.338	104	260	42	66	110	10	2	10	50	32	61	0	0
Hinch	ATHLETICS	0.25	0.25	0.333	6	8	1	2	2	0	0	0	0	1	1	0	0
Christenso	ATHLETICS	n .248	0.388	0.349	121	129	31	32	50	2	2	4	18	19	33	1	2
Hernandez	ATHLETICS	0.241	0.387	0.311	143	419	52	101	162	19	0	14	62	38	64	1	0
Stanley	ATHLETICS	0.238	0.429	0.339	90	282	33	67	121	12	0	14	46	44	65	0	0
Stairs	ATHLETICS	0.227	0.414	0.333	143	476	74	108	197	26	0	21	81	78	122	5	2
Fasano	ATHLETICS	0.214	0.429	0.306	52	126	21	27	54	6	0	7	19	14	47	0	0
Ortiz	ATHLETICS	0.182	0.182	0.308	7	11	4	2	2	0	0	0	1	2	3	0	0
Jaha	ATHLETICS	0.175	0.216	0.398	33	97	14	17	21	1	0	1	5	33	38	1	0
Bellhorn	ATHLETICS	0.154	0.154	0.267	9	13	2	2	2	0	0	0	0	2	6	0	0
Porter	ATHLETICS	0.154	0.385	0.267	17	13	3	2	5	0	0	1	2	2	5	0	0
Velandia	ATHLETICS	0.125	0.167	0.16	18	24	1	3	4	1	0	0	2	0	6	0	0
Valdez	ATHLETICS	0	0	0	5	12	0	0	0	0	0	0	0	0	3	0	0
Sanders	MARINERS	1	1	1	1	1	1	1	1	0	0	0	0	0	0	0	0
Lesher	MARINERS	0.8	1.4	0.833	5	5	1	4	7	1	1	0	3	1	0	1	0
Martinez	MARINERS	0.324	0.579	0.423	153	556	100	180	322	31	0	37	145	96	95	3	0
A. Rodriguez	MARINERS	0.316	0.606	0.42	148	554	134	175	336	34	2	41	132	100	121	15	4
Gipson	MARINERS	0.31	0.414	0.394	59	29	7	9	12	1	1	0	3	4	9	2	3
Olerud	MARINERS	0.285	0.439	0.392	159	565	84	161	248	45	0	14	103	102	96	0	2
Javier	MARINERS	0.275	0.401	0.351	105	342	61	94	137	18	5	5	40	42	64	4	3
Cameron	MARINERS	0.267	0.438	0.365	155	543	96	145	238	28	4	19	78	78	133	24	7
Oliver	MARINERS	0.265	0.49	0.313	69	200	33	53	98	13	1	10	35	14	38	2	1
Guillen	MARINERS	0.257	0.396	0.324	90	288	45	74	114	15	2	7	42	28	53	1	3
Buhner	MARINERS	0.253	0.522	0.361	112	364	50	92	190	20	0	26	82	59	98	0	2
Lampkin	MARINERS	0.252	0.534	0.325	36	103	15	26	55	6	1	7	23	9	17	0	0
Bell	MARINERS	0.247	0.381	0.316	133	454	57	112	173	24	2	11	47	42	66	2	3
McLemore	MARINERS	0.245	0.316	0.353	138	481	72	118	152	23	1	3	46	81	78	30	14
Mabry	MARINERS	0.243	0.32	0.322	48	103	18	25	33	5	0	1	7	10	31	0	1
Henderson	MARINERS	0.238	0.327	0.362	92	324	58	77	106	13	2	4	30	63	55	31	9
Wilson	MARINERS	0.235	0.336	0.291	90	268	31	63	90	12	0	5	27	22	51	1	2
Martin	MARINERS	0.231	0.396	0.283	42	134	19	31	53	2	4	4	9	8	31	4	1
Ibanez	MARINERS	0.229	0.329	0.301	92	140	21	32	46	8	0	2	15	14	25	2	0
Machado	MARINERS	0.214	0.429	0.267	8	14	2	3	6	0	0	1	1	1	4	0	0
Widger	MARINERS	0.091	0.364	0.167	10	11	1	1	4	0	0	1	1	1	2	0	0
Hernandez	MARINERS	0	0	0	2	1	0	0	0	0	0	0	0	0	1	0	1
Timmons	DEVIL_RAYS	0.341	0.707	0.357	12	41	9	14	29	3	0	4	13	1	7	0	0
Rolls	DEVIL_RAYS	0.333	0.333	0.333	4	3	0	1	1	0	0	0	0	0	1	0	0
Huff	DEVIL_RAYS	0.287	0.443	0.318	39	122	12	35	54	7	0	4	14	5	18	0	0
Cox	DEVIL_RAYS	0.283	0.453	0.379	116	318	44	90	144	19	1	11	35	46	47	1	2
McGriff	DEVIL_RAYS	0.277	0.452	0.373	158	566	82	157	256	18	0	27	106	91	120	2	0
Trammell	DEVIL_RAYS	0.275	0.466	0.352	66	189	19	52	88	11	2	7	33	21	30	3	0
Williams	DEVIL_RAYS	0.274	0.427	0.312	146	632	87	173	270	30	2	21	89	34	103	12	12
Flaherty	DEVIL_RAYS	0.261	0.376	0.296	109	394	36	103	148	15	0	10	39	20	57	0	0
Cairo	DEVIL_RAYS	0.261	0.328	0.314	119	375	49	98	123	18	2	1	34	29	34	28	7
Johnson	DEVIL_RAYS	0.254	0.33	0.344	74	185	28	47	61	8	0	2	17	25	30	4	1
Vaughn	DEVIL_RAYS	0.254	0.499	0.365	127	461	83	117	230	27	1	28	74	80	128	8	1
J. Guillen	DEVIL_RAYS	0.253	0.43	0.32	105	316	40	80	136	16	5	10	41	18	65	3	1
Winn	DEVIL_RAYS	0.252	0.302	0.362	51	159	28	40	48	5	0	1	16	26	25	6	7
O. Guillen	DEVIL_RAYS	0.243	0.336	0.283	63	107	22	26	36	4	0	2	12	6	7	1	0
Tyner	DEVIL_RAYS	0.241	0.265	0.281	37	83	6	20	22	2	0	0	8	4	12	6	1
DiFelice	DEVIL_RAYS	0.24	0.402	0.28	60	204	23	49	82	13	1	6	19	12	40	0	0
Smith	DEVIL_RAYS	0.234	0.383	0.293	49	175	21	41	67	8	0	6	26	14	59	2	2
Castilla	DEVIL_RAYS	0.221	0.308	0.254	85	331	22	73	102	9	1	6	42	14	41	1	2
F. Martinez	DEVIL_RAYS	0.214	0.298	0.305	106	299	42	64	89	11	4	2	17	32	68	9	3
Hall	DEVIL_RAYS	0.167	0.417	0.231	4	12	1	2	5	0	0	1	1	1	0	0	0
McCracken	DEVIL_RAYS	0.129	0.129	0.27	15	31	5	4	4	0	0	0	2	6	4	0	1
Kelly	DEVIL_RAYS	0	0	0	2	1	0	0	0	0	0	0	0	0	0	0	0
Brewer	DEVIL_RAYS	---	---	---	0	0	0	0	0	0	0	0	0	0	0	0	0
Rodriguez	RANGERS	0.347	0.667	0.375	91	363	66	126	242	27	4	27	83	19	48	5	5
Kapler	RANGERS	0.302	0.473	0.36	116	444	59	134	210	32	1	14	66	42	57	8	4
Greer	RANGERS	0.297	0.459	0.377	105	394	65	117	181	34	3	8	65	51	61	4	1
Alicea	RANGERS	0.294	0.404	0.365	139	540	85	159	218	25	8	6	63	59	75	1	3
Knorr	RANGERS	0.294	0.529	0.294	15	34	5	10	18	2	0	2	2	0	3	0	0
Mateo	RANGERS	0.291	0.447	0.339	52	206	32	60	92	11	0	7	19	10	34	6	0
Catalanotto	RANGERS	0.291	0.457	0.375	103	282	55	82	129	13	2	10	42	33	36	6	2
Palmeiro	RANGERS	0.288	0.558	0.397	158	565	102	163	315	29	3	39	120	103	77	2	1
Sheldon	RANGERS	0.282	0.468	0.336	58	124	21	35	58	11	0	4	19	10	37	0	0
Lamb	RANGERS	0.278	0.373	0.328	138	493	65	137	184	25	2	6	47	34	60	0	2
Evans	RANGERS	0.278	0.352	0.394	23	54	10	15	19	4	0	0	5	10	13	0	3
Valdes	RANGERS	0.278	0.426	0.35	30	54	4	15	23	5	0	1	5	6	7	0	0
Haselman	RANGERS	0.275	0.461	0.329	62	193	23	53	89	18	0	6	26	15	36	0	1
Curtis	RANGERS	0.272	0.424	0.343	108	335	48	91	142	25	1	8	48	37	71	3	3
Clayton	RANGERS	0.242	0.384	0.301	148	513	70	124	197	21	5	14	54	42	92	11	7
Ledee	RANGERS	0.236	0.381	0.322	137	467	59	110	178	19	5	13	77	59	98	13	6
McDonald	RANGERS	0.234	0.383	0.357	38	94	15	22	36	5	0	3	13	17	25	4	4
Green	RANGERS	0.234	0.258	0.291	79	124	21	29	32	1	1	0	9	10	26	10	6
Sierra	RANGERS	0.233	0.283	0.281	20	60	5	14	17	0	0	1	7	4	9	1	0
Waszgis	RANGERS	0.222	0.244	0.294	24	45	6	10	11	1	0	0	4	4	10	0	0
Dransfeldt	RANGERS	0.115	0.192	0.148	16	26	2	3	5	2	0	0	2	1	14	0	0
Young	RANGERS	0	0	0	2	2	0	0	0	0	0	0	0	0	1	0	0
Podsednik	RANGERS	---	---	---	0	0	0	0	0	0	0	0	0	0	0	0	0
Delgado	BLUE_JAYS	0.344	0.664	0.47	162	569	115	196	378	57	1	41	137	123	104	0	1
Fletcher	BLUE_JAYS	0.32	0.514	0.355	122	416	43	133	214	19	1	20	58	20	45	1	0
Stewart	BLUE_JAYS	0.319	0.518	0.363	136	583	107	186	302	43	5	21	69	37	79	20	5
Fullmer	BLUE_JAYS	0.295	0.558	0.34	133	482	76	142	269	29	1	32	104	30	68	3	1
Grebeck	BLUE_JAYS	0.295	0.411	0.364	66	241	38	71	99	19	0	3	23	25	33	0	0
Martinez	BLUE_JAYS	0.285	0.387	0.362	114	403	55	115	156	18	4	5	46	48	65	7	7
Morandini	BLUE_JAYS	0.271	0.308	0.316	35	107	10	29	33	2	1	0	7	7	23	1	0
Mondesi	BLUE_JAYS	0.271	0.523	0.329	96	388	78	105	203	22	2	24	67	32	73	22	6
Batista	BLUE_JAYS	0.263	0.519	0.307	154	620	96	163	322	32	2	41	114	35	121	5	4
Gonzalez	BLUE_JAYS	0.252	0.404	0.313	141	527	68	133	213	31	2	15	69	43	113	4	4
Cordova	BLUE_JAYS	0.245	0.34	0.317	62	200	23	49	68	7	0	4	18	18	35	3	2
Cruz	BLUE_JAYS	0.242	0.466	0.323	162	603	91	146	281	32	5	31	76	71	129	15	5
T. Greene	BLUE_JAYS	0.235	0.435	0.278	34	85	11	20	37	2	0	5	10	5	18	0	0
Mottola	BLUE_JAYS	0.222	0.222	0.3	3	9	1	2	2	0	0	0	2	0	4	0	0
Bush	BLUE_JAYS	0.215	0.253	0.271	76	297	38	64	75	8	0	1	18	18	60	9	4
A. Castillo	BLUE_JAYS	0.211	0.265	0.287	66	185	14	39	49	7	0	1	16	21	36	0	0
Woodward	BLUE_JAYS	0.183	0.337	0.254	37	104	16	19	35	7	0	3	14	10	28	1	0
Thompson	BLUE_JAYS	0.167	0.167	0.444	2	6	2	1	1	0	0	0	1	3	2	0	0
Ducey	BLUE_JAYS	0.154	0.231	0.267	5	13	2	2	3	1	0	0	1	2	2	0	0
Wise	BLUE_JAYS	0.136	0.136	0.208	28	22	3	3	3	0	0	0	0	1	5	1	0
C. Greene	BLUE_JAYS	0.111	0.111	0.111	3	9	0	1	1	0	0	0	0	0	5	0	0
Phelps	BLUE_JAYS	0	0	0	1	1	0	0	0	0	0	0	0	0	1	0	0
V. Wells	BLUE_JAYS	0	0	0	3	2	0	0	0	0	0	0	0	0	0	0	0
